function:
  _target_: botorch.test_functions.sensitivity_analysis.Ishigami
  noise_std: 0.187

dim: 3
n_iter: 160
test_size: 1000
name: Ishigami
bounds: [[-3.14159265359, 3.14159265359],[-3.14159265359, 3.14159265359],[-3.14159265359, 3.14159265359]]